Encoding ../v1_scratch_embeddings/96emojis_50descriptions/val.csv...
Embeddings already exist at: ../v1_scratch_embeddings/96emojis_50descriptions/val_embeddings.pth

========================================
SKLEARN CLASSIFICATION REPORT
========================================
              precision    recall  f1-score   support

          🌡️       0.77      1.00      0.87        10
           ☕       1.00      0.88      0.93         8
          ✈️       1.00      0.50      0.67        10
           💡       0.89      0.80      0.84        10
           💊       0.50      0.60      0.55        10
           😊       0.58      0.70      0.64        10
           ⚽       0.78      0.70      0.74        10
           🔋       0.78      0.70      0.74        10
           🥪       0.57      0.80      0.67        10
           ⌚       0.89      0.80      0.84        10
          🖼️       0.64      0.70      0.67        10
           😍       0.89      0.80      0.84        10
           🔑       0.70      0.70      0.70        10
           📡       0.80      0.50      0.62         8
          ❄️       0.67      0.80      0.73        10
           🏀       0.88      0.70      0.78        10
           🎾       0.82      0.90      0.86        10
           🙏       0.89      0.80      0.84        10
           🔭       0.50      0.70      0.58        10
           📏       0.86      0.67      0.75         9
          ❤️       1.00      0.80      0.89        10
           📑       0.75      0.60      0.67        10
          🕰️       0.89      0.80      0.84        10
           😴       0.78      0.70      0.74        10
          🗺️       0.90      0.90      0.90        10
          🖋️       1.00      0.40      0.57        10
           🚂       0.54      0.70      0.61        10
          ☀️       0.53      0.90      0.67        10
           🐶       0.71      0.56      0.62         9
           🍎       0.90      0.90      0.90        10
           🍔       1.00      0.70      0.82        10
           🤣       0.69      0.90      0.78        10
           🔦       0.73      0.80      0.76        10
           💰       0.83      1.00      0.91        10
           🍰       1.00      0.90      0.95        10
           🚀       1.00      0.40      0.57        10
           📸       1.00      1.00      1.00        10
           😂       0.67      1.00      0.80        10
           🌍       0.73      0.89      0.80         9
           ✨       0.89      0.80      0.84        10
           📍       0.78      0.70      0.74        10
           🍷       0.80      0.80      0.80        10
           🚲       0.88      0.78      0.82         9
           🔨       0.55      0.67      0.60         9
           🧼       0.89      0.80      0.84        10
           🔬       0.50      0.75      0.60         8
           🧹       0.80      0.89      0.84         9
           🍺       0.82      0.90      0.86        10
           😎       0.75      0.67      0.71         9
           🔒       0.89      0.89      0.89         9
          ✂️       1.00      0.70      0.82        10
           🙄       0.77      1.00      0.87        10
           🎈       1.00      0.90      0.95        10
           📈       0.60      0.90      0.72        10
           🧸       0.70      0.78      0.74         9
           👍       0.40      0.44      0.42         9
           🥗       0.55      0.67      0.60         9
           💀       1.00      0.56      0.71         9
           😭       1.00      0.50      0.67        10
           🏮       1.00      0.78      0.88         9
           🤔       0.75      0.67      0.71         9
           🚽       0.89      0.89      0.89         9
           📂       0.78      0.78      0.78         9
          🕯️       0.60      0.30      0.40        10
           🌈       0.57      0.80      0.67        10
           🏠       0.78      0.70      0.74        10
           🧭       0.83      0.50      0.62        10
           📱       0.67      1.00      0.80        10
           🪒       0.64      0.70      0.67        10
           🚪       0.90      0.90      0.90        10
           🔥       0.62      1.00      0.77        10
           🔌       0.82      0.90      0.86        10
           🤡       1.00      0.90      0.95        10
           🧺       0.75      0.90      0.82        10
           💔       0.82      0.90      0.86        10
          🛳️       0.78      0.78      0.78         9
           🧪       0.70      0.78      0.74         9
           🍕       0.67      0.44      0.53         9
           🚿       0.62      1.00      0.76         8
           🎁       0.67      0.89      0.76         9
           💻       0.43      0.30      0.35        10
           📚       1.00      0.80      0.89        10
           🧬       0.82      0.90      0.86        10
          🛋️       0.73      0.80      0.76        10
           🍦       0.50      0.50      0.50        10
           🛁       1.00      0.78      0.88         9
          ✏️       0.80      0.89      0.84         9
           🎸       0.50      0.50      0.50        10
           🚗       0.78      0.78      0.78         9
           📓       1.00      0.50      0.67        10
           🥳       1.00      0.78      0.88         9
           🐱       0.82      0.90      0.86        10
          🛏️       0.89      0.80      0.84        10
           ⌛       0.89      0.89      0.89         9
           🔔       1.00      0.70      0.82        10
          🌧️       0.55      0.60      0.57        10

    accuracy                           0.76       927
   macro avg       0.78      0.76      0.75       927
weighted avg       0.78      0.76      0.75       927

Balanced Accuracy: 0.7560
Top-5 Accuracy:     0.9246
